#left arm
bezier
79 235 40 303 45.3 388 92 356.4
#head
bezier
150.7 361.8 152 366 126 279 92 354.4
bezier
150.7 360 161.5 393.3 227.5 377.6 226.4 359.3
bezier
267.2 357.4 257.7 339.7 236.2 340.8 226.4 359.3
bezier
267.2 357.4 277.5 376 319.3 356.2 330.3 326.6
bezier
361.3 307.1 345.1 302.5 335.2 306.5 330.3 326.6
#right arm
bezier
361.3 307.1 491 323.4 348 244.3 388 205
#bottom
bezier
79 205 30 69 449 94 388 205
#connecting curve
bezier
79 205 82.1 205.4 82 235.7 79 235
#eyes
circle
200 300 0 1
circle
260 293 0 1
bezier
173.4 290 203.4 275 271.7 281.7 294 284
display
